initial_position = [
    2.598076211	0.5
2.598076211	-0.5
1.732050808	1
1.732050808	0
1.732050808	-1
0.866025404	1.5
0.866025404	0.5
0.866025404	-0.5
0.866025404	-1.5
0	2
0	1
0	0
0	-1
0	-2
-0.866025404	1.5
-0.866025404	0.5
-0.866025404	-0.5
-0.866025404	-1.5
-1.732050808	1
-1.732050808	0
-1.732050808	-1
];